[
    {
        "id": 0,
        "position": [
            -0.12610746920108795, -0.172047421336174, -0.10680170357227325
        ],
        "rotation": [
            [ 0.66232830286026, -0.5199981927871704, 0.5393801331520081 ],
            [ 0.0013955916510894895, 0.7207809090614319, 0.6931682229042053 ],
            [ -0.7492182850837708, -0.45834916830062866, 0.47811809182167053 ]
        ]
    },
    {
        "id": 1,
        "position": [
            -0.0662563219666481, -0.38640081882476807, -0.41676387190818787
        ],
        "rotation": [
            [ 0.990068793296814, -0.09021580964326859, 0.10784783959388733 ],
            [ -0.003158446867018938, 0.7525613307952881, 0.6585203409194946 ],
            [ -0.14057019352912903, -0.6523181796073914, 0.7448012232780457 ]
        ]
    },
    {
        "id": 2,
        "position": [
            -0.29947832226753235, -0.05973394587635994, -0.08714934438467026
        ],
        "rotation": [
            [ 0.31942859292030334, -0.09574050456285477, 0.9427692294120789 ],
            [ -0.11001580208539963, 0.9844158887863159, 0.13724522292613983 ],
            [ -0.9412115812301636, -0.14755505323410034, 0.3039160370826721 ]
        ]
    },
    {
        "id": 3,
        "position": [
            0.18721391260623932, -0.12962928414344788, 0.19738557934761047
        ],
        "rotation": [
            [ -0.690771758556366, 0.23155641555786133, -0.6850175261497498 ],
            [ -0.09340628236532211, 0.9108413457870483, 0.4020808935165405 ],
            [ 0.7170376777648926, 0.3417294919490814, -0.607546865940094 ]
        ]
    },
    {
        "id": 4,
        "position": [
            0.9138880372047424, -0.664125382900238, 0.6754932999610901
        ],
        "rotation": [
            [ -0.5134005546569824, 0.48964136838912964, -0.7047755122184753 ],
            [ 0.10898303985595703, 0.8518158197402954, 0.5124071836471558 ],
            [ 0.8512241840362549, 0.18626080453395844, -0.49067825078964233 ]
        ]
    },
    {
        "id": 5,
        "position": [
            0.0767381340265274, -0.3022123873233795, 0.07492221891880035
        ],
        "rotation": [
            [ -0.5053597688674927, 0.8170968294143677, -0.27749311923980713 ],
            [ 0.09199859946966171, 0.3707585036754608, 0.9241775274276733 ],
            [ 0.8580138683319092, 0.44150829315185547, -0.2625333070755005 ]
        ]
    },
    {
        "id": 6,
        "position": [
            0.20984867215156555, -0.07106872648000717, 0.08551865816116333
        ],
        "rotation": [
            [ -0.39631059765815735, 0.15651600062847137, -0.9047134518623352 ],
            [ -0.13477572798728943, 0.9647998213768005, 0.2259507179260254 ],
            [ 0.9082084894180298, 0.21147581934928894, -0.3612564504146576 ]
        ]
    },
    {
        "id": 7,
        "position": [
            0.15649192035198212, -0.212185338139534, 0.5341375470161438
        ],
        "rotation": [
            [ -0.9346495866775513, 0.19669222831726074, -0.2963252663612366 ],
            [ 0.09811563789844513, 0.9434456825256348, 0.31676599383354187 ],
            [ 0.34186333417892456, 0.2669852077960968, -0.9010661244392395 ]
        ]
    },
    {
        "id": 8,
        "position": [
            -0.4127304255962372, 0.03358881548047066, -0.3233400881290436
        ],
        "rotation": [
            [ 0.6215876340866089, 0.25637534260749817, 0.7402516603469849 ],
            [ -0.1926470398902893, 0.9659673571586609, -0.17278514802455902 ],
            [ -0.7593355774879456, -0.035204511135816574, 0.6498051285743713 ]
        ]
    },
    {
        "id": 9,
        "position": [
            -0.18282273411750793, -0.28959375619888306, -0.006041036918759346
        ],
        "rotation": [
            [ 0.3446257412433624, -0.7317036390304565, 0.5881457924842834 ],
            [ -0.23936909437179565, 0.5373224020004272, 0.8087321519851685 ],
            [ -0.9077508449554443, -0.41948172450065613, 0.010028308257460594 ]
        ]
    }
]